田,690,57,4386,0,2,0,2,4911,220,0,0,0,1,1
一,37,0,3,538,542,1731,0,30,10,0,31,2233,547,0
山,1240,12,1132,0,0,1,1,2347,36,0,0,1,0,0
藤,557,2,1699,4,0,0,2,2252,4,0,0,3,1,0
野,321,74,1537,3,0,5,0,1796,135,1,0,8,0,0
子,5,10,126,1,1,1676,0,125,16,0,0,1066,612,0
川,400,2,1380,0,0,2,0,1620,161,1,0,2,0,0
村,286,2,1450,1,0,2,0,1719,18,1,0,3,0,0
井,319,17,1396,1,0,0,0,1671,60,1,0,0,1,0
本,141,0,1510,0,0,0,2,1640,9,0,0,0,0,0
大,1020,3,1,401,1,146,0,939,85,0,44,488,16,0
中,1086,7,475,0,1,3,6,1535,26,1,3,0,1,0
木,360,17,1164,0,2,3,0,1348,193,0,0,3,2,0
郎,0,0,0,0,1,1509,0,0,0,0,0,429,1079,2
小,1332,2,0,12,0,0,0,1174,159,1,0,3,9,0
原,194,6,924,2,0,0,73,984,64,3,0,2,0,0
和,105,19,22,699,11,261,0,111,35,0,7,942,22,0
之,0,21,0,3,44,1017,0,0,20,1,0,1020,43,1
高,857,0,47,106,0,32,4,893,7,0,6,132,0,0
松,739,9,196,9,0,3,0,933,11,0,0,7,5,0
太,106,0,3,121,387,327,0,105,4,0,7,436,391,1
彦,2,0,2,3,0,931,0,4,0,0,1,925,8,0
正,19,0,6,766,0,132,0,25,0,0,33,856,9,0
谷,171,125,598,0,0,0,24,704,165,1,0,0,0,0
雄,1,0,0,294,0,577,0,1,0,0,7,781,83,0
美,12,0,23,294,89,435,0,20,15,0,0,561,257,0
浩,0,0,0,556,0,289,0,0,0,0,89,721,35,0
明,17,1,6,178,0,629,0,22,2,0,64,731,12,0
樹,1,0,4,13,12,794,0,5,0,0,3,802,14,0
岡,371,1,450,0,0,0,26,792,4,0,0,0,0,0
也,0,0,0,0,5,814,0,0,0,0,0,813,6,0
平,348,1,75,7,2,384,5,416,3,0,2,388,3,0
佐,714,18,19,32,20,9,0,561,190,0,0,15,46,0
裕,0,0,0,537,3,253,0,0,0,0,77,683,33,0
司,2,0,33,5,0,752,1,34,0,0,28,727,2,0
弘,8,0,2,281,0,488,0,10,0,0,26,737,6,0
吉,532,1,56,87,1,83,0,588,1,0,0,168,3,0
島,123,1,634,0,0,0,14,730,14,0,0,0,0,0
上,268,0,483,1,0,1,3,730,18,0,1,1,0,0
健,0,0,0,597,0,155,0,0,0,0,149,440,163,0
史,0,0,0,85,6,650,0,0,0,0,1,731,9,0
久,189,113,20,115,13,288,1,145,176,0,12,360,44,0
橋,159,0,572,0,0,0,0,727,4,0,0,0,0,0
西,500,2,193,0,0,0,25,665,4,1,0,0,0,0
治,0,9,18,55,12,597,0,15,12,0,27,621,16,0
崎,8,0,680,0,0,0,0,670,18,0,0,0,0,0
三,385,0,0,61,40,198,0,353,32,0,0,228,71,0
口,0,0,681,0,0,0,0,667,14,0,0,0,0,0
石,546,2,127,0,0,1,1,665,9,0,0,1,0,0
宏,0,0,0,242,0,426,0,0,0,0,71,590,7,0
英,0,0,0,577,1,88,0,0,0,0,3,640,23,0
隆,3,0,0,415,1,247,3,0,0,0,118,531,14,0
二,36,0,2,25,72,529,0,28,10,0,0,551,75,0
幸,11,0,2,293,0,357,0,12,1,0,5,625,20,0
真,53,1,0,505,0,91,0,50,4,0,74,404,118,0
俊,1,0,0,499,0,142,0,1,0,0,19,611,11,0
夫,0,0,0,0,0,627,0,0,0,0,0,596,31,0
林,197,0,415,4,0,1,182,424,6,0,0,2,3,0
介,0,0,0,1,0,606,0,0,0,0,0,588,19,0
志,36,5,8,47,25,480,0,40,9,0,0,511,41,0
博,0,0,0,301,0,281,0,0,0,0,57,523,2,0
森,432,2,142,1,0,3,134,436,6,0,2,2,0,0
秀,3,0,1,495,0,81,0,4,0,0,7,561,8,0
澤,64,0,514,0,0,0,5,555,18,0,0,0,0,0
直,8,0,0,503,0,56,0,8,0,0,26,530,3,0
内,183,4,375,0,0,0,0,528,34,0,0,0,0,0
人,6,0,3,1,0,549,0,9,0,0,0,545,5,0
康,2,0,0,442,0,93,1,1,0,0,24,498,13,0
雅,0,0,0,496,1,28,0,0,0,0,10,513,1,1
孝,0,0,0,313,0,208,0,0,0,0,47,465,9,0
智,1,1,19,396,25,69,0,20,1,0,51,398,41,0
洋,0,0,0,323,0,182,0,0,0,0,69,411,25,0
貴,8,0,0,333,6,148,0,8,0,0,13,456,18,0
宮,387,8,91,1,0,0,1,468,17,0,0,1,0,0
下,117,10,348,0,0,0,0,441,33,1,0,0,0,0
信,11,0,3,316,0,139,0,14,0,0,19,412,24,0
鈴,412,0,1,6,0,2,0,413,0,0,0,6,2,0
部,1,3,413,0,0,0,0,377,39,1,0,0,0,0
尾,110,1,298,0,0,0,0,403,6,0,0,0,0,0
光,21,1,24,242,0,117,0,45,1,0,25,318,16,0
義,1,0,0,296,0,105,0,1,0,0,0,398,3,0
伊,374,0,0,20,2,2,0,357,17,0,0,10,13,1
長,361,3,13,12,0,8,5,245,127,0,1,18,1,0
永,192,1,186,5,0,8,0,378,1,0,0,12,1,0
武,140,1,34,141,1,68,2,170,2,1,45,162,3,0
哲,0,0,0,320,0,62,0,0,0,0,54,324,4,0
渡,353,1,25,0,0,1,0,374,5,0,1,0,0,0
坂,231,1,146,0,0,0,5,368,5,0,0,0,0,0
行,8,0,5,31,0,333,0,13,0,0,1,362,1,0
水,178,6,169,2,0,9,0,341,12,0,0,10,1,0
文,6,1,1,158,0,196,0,7,1,0,1,350,3,0
泰,0,0,0,304,0,56,0,0,0,0,20,334,6,0
岩,324,2,25,8,0,0,0,348,3,0,0,7,1,0
安,281,1,34,39,0,3,1,304,11,0,1,39,2,0
男,1,0,2,0,1,350,0,3,0,0,0,323,28,0
清,177,1,3,134,0,38,2,176,3,0,31,133,7,1
良,3,3,45,251,0,50,0,39,12,0,11,282,8,0
保,34,57,154,52,16,37,1,124,120,0,11,77,17,0
勝,50,0,9,215,0,75,1,57,1,0,48,241,1,0
祐,2,0,0,241,3,96,0,2,0,0,3,320,17,0
紀,5,0,0,69,58,204,2,3,0,0,2,259,70,0
江,130,2,133,11,6,52,0,250,15,0,0,44,25,0
誠,0,0,0,154,0,179,0,0,0,0,169,143,21,0
池,207,0,125,0,0,0,1,328,3,0,0,0,0,0
昭,0,0,0,134,0,196,0,0,0,0,13,315,2,0
竹,270,0,47,10,0,1,0,314,3,0,0,10,1,0
加,275,2,2,21,12,16,0,261,17,1,0,20,29,0
昌,1,0,0,290,0,30,0,1,0,0,5,313,2,0
淳,0,0,0,170,0,151,0,0,0,0,146,159,16,0
伸,0,0,0,226,0,90,0,0,0,0,15,288,13,0
福,296,0,13,7,0,0,0,309,0,0,0,6,1,0
生,34,5,44,8,1,220,0,74,9,0,0,222,7,0
仁,12,0,3,76,4,191,0,14,1,0,65,201,5,0
河,251,18,13,1,1,2,0,260,20,2,0,2,2,0
瀬,50,4,229,1,0,2,0,261,22,0,0,2,1,0
敏,0,0,0,202,0,83,0,0,0,0,22,263,0,0
金,262,4,9,7,0,0,12,256,7,0,0,7,0,0
杉,244,0,34,1,0,0,5,272,1,0,0,1,0,0
広,43,0,8,94,0,131,0,51,0,0,8,214,3,0
成,46,0,19,82,0,125,0,65,0,0,2,203,2,0
達,3,0,28,222,0,17,1,30,0,0,11,227,1,0
知,5,2,16,188,26,28,0,16,7,0,3,204,35,0
輔,0,0,0,0,0,263,0,0,0,0,0,258,5,0
哉,0,0,0,0,0,256,0,0,0,0,3,252,1,0
利,3,3,23,144,15,64,0,24,5,0,1,205,17,0
恵,2,0,0,102,20,127,0,1,1,0,19,175,55,0
剛,0,0,0,93,0,155,0,0,0,0,141,107,0,0
辺,1,2,245,0,0,0,0,242,6,0,0,0,0,0
塚,55,0,193,0,0,0,0,241,7,0,0,0,0,0
由,8,0,3,178,38,21,0,9,2,0,2,124,111,0
新,197,0,0,34,0,16,2,190,5,0,15,26,9,0
亮,0,0,0,106,0,141,0,0,0,0,80,165,2,0
典,0,0,0,66,0,179,0,0,0,0,0,244,1,0
佳,0,0,0,171,16,58,0,0,0,0,1,204,40,0
徳,63,0,7,50,1,123,0,70,0,0,1,165,8,0
古,209,3,19,1,0,8,0,214,16,1,0,0,9,0
倉,73,0,165,0,0,0,0,235,3,0,0,0,0,0
尚,0,0,0,179,0,58,0,0,0,0,23,211,3,0
憲,0,0,0,157,0,79,0,0,0,0,11,209,16,0
北,217,0,15,2,0,0,10,220,2,0,0,2,0,0
聡,0,0,0,60,0,174,0,0,0,0,166,60,8,0
修,0,0,0,117,0,117,0,0,0,0,111,119,4,0
克,0,0,0,201,0,32,0,0,0,0,6,226,1,0
朗,0,0,0,6,0,223,0,0,0,0,15,154,60,0
千,86,0,0,132,8,2,1,78,7,0,0,113,29,0
啓,0,0,0,173,0,55,0,0,0,0,33,180,15,0
津,57,13,121,1,33,2,0,162,29,0,0,3,33,0
元,15,0,90,76,0,44,0,104,1,0,33,83,4,0
里,12,1,38,46,48,78,2,40,9,0,0,95,77,0
茂,25,2,6,102,2,84,1,30,2,0,66,119,3,0
友,18,0,19,159,3,22,0,37,0,0,2,159,23,0
沢,16,0,204,0,0,0,1,206,13,0,0,0,0,0
豊,67,0,0,49,0,101,2,64,1,0,91,57,2,0
晃,0,0,0,108,0,109,0,0,0,0,54,158,5,0
堀,186,0,30,0,0,0,37,174,5,0,0,0,0,0
嶋,46,0,168,0,0,0,3,211,0,0,0,0,0,0
浦,38,0,174,0,0,1,4,208,0,0,0,1,0,0
陽,0,0,0,177,0,34,0,0,0,0,18,168,25,0
香,26,0,2,46,21,115,0,26,1,1,3,124,55,0
章,0,0,0,75,0,133,0,0,0,0,37,168,3,0
寛,0,0,0,96,0,106,0,0,0,0,61,140,1,0
次,0,0,15,21,44,122,0,14,1,0,0,142,44,1
徹,0,0,0,46,0,154,0,0,0,0,153,46,1,0
賢,0,0,0,160,0,40,0,0,0,0,30,154,16,0
道,16,0,23,79,0,82,0,37,2,0,2,158,1,0
今,196,1,0,1,0,0,1,190,6,0,0,0,1,0
矢,145,1,22,1,4,25,0,159,9,0,0,26,4,0
青,192,1,0,2,0,3,1,191,1,0,0,5,0,0
則,3,0,0,43,0,152,0,3,0,0,0,195,0,0
前,173,0,22,0,0,0,1,194,0,0,0,0,0,0
喜,22,4,4,89,13,61,0,18,12,0,0,120,43,0
々,0,163,7,0,7,14,0,7,163,0,0,13,8,0
奈,15,1,7,54,35,77,0,15,8,0,0,83,82,1
横,187,0,0,1,0,0,0,183,4,0,0,0,0,1
代,2,1,55,0,29,100,0,57,1,0,0,81,48,0
理,0,0,0,71,44,69,0,0,0,0,23,100,61,0
吾,3,0,1,1,0,178,0,4,0,0,0,179,0,0
慎,0,0,0,162,0,12,0,0,0,0,12,109,53,0
卓,0,0,0,129,0,45,0,0,0,0,44,129,1,0
有,72,0,0,85,2,15,0,72,0,0,10,73,19,0
純,0,0,0,112,0,61,0,0,0,0,44,125,4,0
重,38,2,20,79,4,29,0,58,2,0,0,106,6,0
寺,128,0,43,0,0,0,0,144,27,0,0,0,0,0
東,92,0,63,10,0,4,34,116,5,0,2,9,3,0
間,17,7,143,0,0,0,2,125,40,0,0,0,0,0
士,0,4,6,3,14,137,0,6,4,0,0,137,17,0
敬,0,0,2,106,0,55,0,2,0,0,26,131,4,0
芳,17,0,0,124,0,22,0,16,1,0,0,146,0,0
黒,129,0,33,0,0,0,0,162,0,0,0,0,0,0
忠,0,0,0,136,0,25,0,0,0,0,15,141,5,0
関,134,0,26,0,0,0,50,110,0,0,0,0,0,0
圭,0,0,0,142,0,17,0,0,0,0,17,130,12,0
戸,65,13,81,0,0,0,0,138,21,0,0,0,0,0
白,154,0,1,2,0,0,2,150,3,0,0,2,0,0
政,2,0,9,120,0,25,0,11,0,0,2,142,1,0
靖,0,0,0,102,0,53,0,0,0,0,40,115,0,0
崇,0,0,0,84,0,71,0,0,0,0,58,97,0,0
見,4,5,133,0,1,10,0,130,12,0,0,10,1,0
神,128,0,24,0,0,0,1,145,6,0,0,0,0,0
拓,0,0,0,123,0,27,0,0,0,0,24,126,0,0
土,140,1,7,0,0,2,0,144,4,0,0,2,0,0
敦,0,0,0,89,0,61,0,0,0,0,59,91,0,0
日,102,7,10,19,9,1,0,87,32,0,0,6,23,0
地,12,4,113,0,0,18,0,116,13,0,0,18,0,0
富,77,0,26,39,0,5,0,99,4,0,1,31,12,0
輝,0,0,0,52,2,92,0,0,0,0,15,129,2,0
屋,7,4,133,0,0,0,0,132,12,0,0,0,0,0
多,50,19,42,22,4,7,0,76,35,0,0,16,17,0
根,37,7,93,1,1,4,0,116,21,0,1,4,1,0
岸,71,0,71,1,0,0,13,129,0,0,0,1,0,0
市,98,0,16,7,0,21,0,113,1,0,0,26,2,0
阿,141,0,0,1,0,0,0,124,17,0,0,0,1,0
邦,0,0,0,126,0,16,0,0,0,0,0,140,2,0
将,0,0,0,106,0,36,0,0,0,0,12,129,1,0
奥,140,0,1,0,0,0,4,137,0,0,0,0,0,0
秋,111,0,2,10,0,16,0,113,0,0,0,25,1,0
浅,129,0,10,0,0,0,0,139,0,0,0,0,0,0
丸,87,0,49,0,0,2,2,126,8,0,0,2,0,0
実,3,0,3,17,3,111,0,6,0,0,50,71,10,0
勇,1,0,0,105,0,31,0,1,0,0,28,103,5,0
賀,6,18,98,7,3,4,0,94,27,1,0,11,3,0
栄,2,0,2,107,1,22,1,3,0,0,11,103,16,0
近,123,0,7,0,0,1,0,129,1,0,0,1,0,0
優,0,0,0,85,2,42,0,0,0,0,37,86,6,0
公,1,0,0,120,0,8,0,1,0,0,0,120,8,0
柳,72,1,53,2,0,0,7,118,1,0,0,2,0,0
出,35,3,73,0,11,5,0,105,6,0,5,0,11,0
荒,126,0,1,0,0,0,6,120,1,0,0,0,0,0
後,115,1,11,0,0,0,0,125,2,0,0,0,0,0
晴,0,0,0,54,0,72,0,0,0,0,3,122,1,0
飯,124,2,0,0,0,0,0,124,2,0,0,0,0,0
彰,0,0,0,63,0,63,0,0,0,0,34,91,1,0
廣,85,0,9,17,0,14,1,93,0,0,0,31,0,0
合,12,2,92,0,8,8,0,103,3,0,0,2,14,0
麻,13,0,2,103,0,3,0,15,0,0,0,70,36,0
恭,0,0,0,107,0,14,0,0,0,0,5,114,2,0
善,5,1,5,99,0,10,1,9,1,0,1,104,4,0
海,47,3,34,9,1,26,0,63,21,0,3,31,2,0
毅,0,0,0,13,0,106,0,0,0,0,68,50,1,0
馬,52,0,35,0,1,31,1,84,2,0,0,30,2,0
須,77,11,30,0,1,0,0,103,15,0,0,0,1,0
南,95,1,13,4,4,2,46,62,1,0,2,3,5,0
寿,1,0,0,75,6,37,0,1,0,0,11,101,6,0
嘉,7,1,5,83,2,20,0,12,1,0,1,100,4,0
城,33,2,67,1,0,15,6,94,2,0,0,16,0,0
片,114,0,4,0,0,0,0,118,0,0,0,0,0,0
龍,6,0,0,93,0,18,3,3,0,0,13,78,20,0
宗,20,2,8,80,0,5,3,25,1,1,1,75,9,0
菊,112,0,0,3,0,0,1,111,0,0,0,3,0,0
五,84,0,0,19,5,7,0,19,63,2,0,22,9,0
柴,102,0,11,1,0,0,5,104,4,0,0,0,1,0
泉,27,1,62,3,1,20,13,76,1,0,18,5,1,0
希,0,0,0,13,25,75,0,0,0,0,7,76,30,0
春,34,0,2,40,0,37,0,35,1,0,0,76,1,0
充,0,0,0,50,1,59,0,0,0,0,26,81,3,0
八,82,1,0,15,1,10,0,70,13,0,0,19,7,0
潤,0,0,0,46,0,63,0,0,0,0,63,36,10,0
慶,3,1,0,86,0,18,0,3,1,0,9,86,9,0
辻,96,0,12,0,0,0,59,49,0,0,0,0,0,0
栗,92,0,13,0,0,1,0,103,2,0,0,0,1,0
葉,7,0,80,14,0,4,2,84,1,0,0,18,0,0
謙,0,0,0,82,0,22,0,0,0,0,17,73,14,0
越,32,0,69,1,0,0,1,96,4,0,0,1,0,0
米,85,1,13,1,1,0,1,94,4,0,0,1,1,0
沼,21,0,80,0,0,0,1,99,1,0,0,0,0,0
学,0,0,0,12,0,88,0,0,0,0,86,14,0,0
己,0,0,2,1,4,93,0,2,0,0,0,93,5,0
篤,0,0,0,54,0,45,0,0,0,0,42,57,0,0
植,90,0,9,0,0,0,0,99,0,0,0,0,0,0
枝,7,0,34,4,4,50,0,41,0,0,0,41,17,0
菅,93,0,5,0,0,0,19,78,1,0,0,0,0,0
順,0,0,0,81,0,17,0,0,0,0,13,79,6,0
立,48,1,36,8,0,4,0,83,2,0,4,8,0,0
功,2,0,1,42,0,51,0,3,0,0,41,46,6,0
遠,88,3,1,0,0,3,0,89,3,0,0,3,0,0
稲,90,3,1,1,0,0,0,90,4,0,0,1,0,0
増,92,0,1,2,0,0,0,93,0,0,0,2,0,0
好,1,0,26,49,0,18,0,27,0,0,2,65,0,0
悟,0,1,0,10,0,82,0,0,1,0,41,50,1,0
祥,0,0,0,74,0,19,0,0,0,0,5,83,5,0
畑,24,0,69,0,0,0,8,84,1,0,0,0,0,0
宇,86,2,1,4,0,0,0,51,38,0,0,3,1,0
佑,0,0,0,53,0,40,0,0,0,0,2,85,6,0
進,11,0,0,33,0,48,0,11,0,0,46,25,10,0
齋,91,0,1,0,0,0,0,92,0,0,0,0,0,0
嗣,0,0,0,3,0,89,0,0,0,0,0,91,1,0
弥,3,0,0,12,8,69,0,3,0,0,3,76,10,0
基,0,0,0,48,0,44,0,0,0,0,7,83,2,0
晋,0,0,0,60,0,31,0,0,0,0,29,52,10,0
若,82,0,2,5,0,1,0,84,0,0,0,6,0,0
脇,32,0,58,0,0,0,4,85,1,0,0,0,0,0
垣,6,5,79,0,0,0,0,81,9,0,0,0,0,0
耕,0,0,0,86,0,4,0,0,0,0,4,74,12,0
羽,44,1,40,2,0,1,0,79,6,0,0,2,1,0
花,48,1,17,4,0,18,0,65,1,0,1,16,5,0
眞,19,1,0,48,0,19,0,19,1,0,16,43,8,0
場,0,1,86,0,0,0,0,84,3,0,0,0,0,0
熊,66,0,19,0,0,1,0,85,0,0,0,1,0,0
作,8,0,4,3,0,71,0,12,0,0,0,73,1,0
波,20,5,57,1,0,3,0,62,20,0,0,3,1,0
月,12,0,56,1,0,16,0,65,3,0,0,17,0,0
守,16,1,13,30,0,25,0,28,2,0,23,32,0,0
星,72,0,7,2,0,3,18,60,1,0,0,5,0,0
塩,82,0,1,0,0,0,0,82,1,0,0,0,0,0
早,61,1,2,19,0,0,0,59,5,0,0,14,5,0
穂,11,0,0,5,10,57,0,10,1,0,0,61,11,0
玉,43,0,33,5,0,0,0,76,0,0,0,5,0,0
稔,0,0,0,17,0,64,0,0,0,0,57,24,0,0
篠,77,0,3,0,0,0,2,78,0,0,0,0,0,0
竜,3,0,0,76,0,1,1,2,0,0,1,66,10,0
酒,78,0,1,0,0,0,0,78,1,0,0,0,0,0
牧,65,0,11,2,0,1,10,65,1,0,1,2,0,0
深,75,0,1,0,0,2,0,76,0,0,1,1,0,0
十,5,63,0,5,4,1,0,5,63,0,0,5,5,0
斉,67,0,0,3,0,7,0,67,0,0,6,4,0,0
笠,56,15,6,0,0,0,2,60,15,0,0,0,0,0
邉,0,0,76,0,0,0,0,75,1,0,0,0,0,0
亜,1,0,0,72,1,2,0,1,0,0,0,33,42,0
角,55,0,19,1,0,1,4,70,0,0,1,1,0,0
冨,63,0,10,3,0,0,0,70,3,0,0,0,3,0
相,69,0,2,4,0,0,0,71,0,0,0,4,0,0
恒,6,0,1,52,0,15,0,7,0,0,9,55,3,0
細,74,0,0,0,0,0,0,73,1,0,0,0,0,0
聖,0,0,0,57,0,16,0,0,0,0,10,62,1,0
幹,0,0,0,64,0,9,0,0,0,0,3,70,0,0
梅,69,0,1,2,0,0,0,70,0,0,0,1,1,0
悠,0,0,0,49,0,22,0,0,0,0,20,46,5,0
満,9,0,7,20,0,35,0,16,0,0,25,25,5,0
赤,71,0,0,0,0,0,0,70,1,0,0,0,0,0
範,0,0,0,29,0,42,0,0,0,0,1,69,1,0
浜,57,0,13,0,0,0,4,66,0,0,0,0,0,0
登,8,0,5,18,3,36,1,11,1,0,10,30,17,0
宣,0,0,0,36,0,33,0,0,0,0,0,68,1,0
名,17,6,40,3,0,2,0,54,9,0,0,3,2,0
央,0,0,0,8,3,57,0,0,0,0,9,55,4,0
規,0,0,0,25,1,40,0,0,0,0,1,60,5,0
濱,54,0,12,0,0,0,2,63,1,0,0,0,0,0
翔,0,0,0,39,1,25,0,0,0,0,23,37,5,0
愛,3,0,0,34,0,27,0,3,0,0,22,36,3,0
織,13,0,5,2,0,44,0,18,0,0,0,45,1,0
朋,0,0,0,54,0,9,0,0,0,0,3,60,0,0
鳥,44,2,14,0,0,2,0,57,3,0,0,2,0,0
服,61,0,0,0,0,0,0,61,0,0,0,0,0,0
昇,1,0,0,23,0,36,1,0,0,0,35,21,3,0
方,3,2,45,7,0,3,0,46,4,0,0,9,1,0
晶,0,0,0,31,0,28,0,0,0,0,9,49,1,0
邊,0,0,59,0,0,0,0,59,0,0,0,0,0,0
斎,57,0,0,0,0,1,1,56,0,0,1,0,0,0
匡,0,0,0,44,0,13,0,0,0,0,9,48,0,0
室,31,0,26,0,0,0,1,56,0,0,0,0,0,0
貞,8,0,2,41,0,6,0,10,0,0,2,39,6,0
天,48,0,2,3,0,2,0,50,0,0,1,4,0,0
柏,54,0,0,1,0,0,2,51,1,0,0,1,0,0
仲,43,0,8,1,0,3,1,49,1,0,1,3,0,0
門,28,0,14,0,0,12,0,41,1,0,0,9,1,2
国,21,0,7,20,0,6,0,28,0,0,0,25,1,0
鶴,43,0,3,1,1,6,0,45,1,0,0,7,1,0
絵,2,0,0,27,3,22,0,2,0,0,0,34,17,1
桑,49,0,5,0,0,0,0,52,2,0,0,0,0,0
彩,0,0,0,43,0,10,0,0,0,0,7,46,0,0
繁,8,0,4,22,0,19,0,12,0,0,17,23,1,0
嵐,0,0,53,0,0,0,0,0,53,0,0,0,0,0
通,3,0,1,29,0,20,0,4,0,0,6,43,0,0
夏,17,0,1,19,0,16,1,17,0,0,0,33,2,0
琢,0,0,0,48,0,5,0,0,0,0,5,48,0,0
周,6,0,0,35,0,12,1,5,0,0,8,38,1,0
菜,0,0,1,19,6,27,0,1,0,0,0,32,20,0
衣,8,0,0,4,12,28,0,8,0,0,0,31,13,0
國,30,0,13,9,0,0,0,42,1,0,0,9,0,0
手,22,7,23,0,0,0,0,43,9,0,0,0,0,0
笹,49,0,3,0,0,0,0,52,0,0,0,0,0,0
居,3,0,48,0,0,1,0,50,1,0,0,1,0,0
比,13,20,5,4,10,0,0,10,28,0,0,0,14,0
家,9,2,38,3,0,0,0,47,2,0,0,3,0,0
荻,49,0,2,0,0,0,1,50,0,0,0,0,0,0
薫,0,0,0,3,0,48,0,0,0,0,48,3,0,0
照,8,0,0,33,0,10,0,7,1,0,2,41,0,0
磯,47,0,3,0,0,1,4,46,0,0,0,1,0,0
岳,0,0,1,42,0,7,0,1,0,0,4,45,0,0
望,33,0,0,3,0,14,0,33,0,0,10,7,0,0
世,4,1,8,2,6,29,0,10,3,0,0,28,9,0
滝,39,0,10,0,0,0,7,42,0,0,0,0,0,0
工,41,3,0,0,0,4,0,41,3,0,4,0,0,0
辰,9,0,0,38,0,1,0,9,0,0,1,35,3,0
朝,30,0,1,17,0,0,1,26,4,0,0,16,1,0
園,20,1,23,4,0,0,0,38,5,1,0,4,0,0
庄,27,1,12,8,0,0,1,38,0,1,0,7,1,0
板,41,2,4,0,0,0,0,44,3,0,0,0,0,0
渕,5,0,42,0,0,0,1,46,0,0,0,0,0,0
巳,0,0,3,1,0,43,0,3,0,0,0,42,2,0
児,28,1,2,0,0,16,0,30,1,0,0,16,0,0
亀,40,0,5,2,0,0,0,44,1,0,0,2,0,0
能,17,0,13,12,0,4,0,30,0,0,1,15,0,0
綾,6,0,0,35,0,5,2,4,0,0,3,35,1,1
梶,42,0,4,0,0,0,4,42,0,0,0,0,0,0
樋,45,0,0,0,0,0,0,45,0,0,0,0,0,0
町,21,0,24,0,0,0,0,44,1,0,0,0,0,0
力,3,0,3,9,0,30,0,5,1,0,28,11,0,0
郁,0,0,0,40,0,5,0,0,0,0,2,41,2,0
乃,2,0,0,5,4,34,0,2,0,0,0,35,7,1
造,1,0,1,0,0,43,0,2,0,0,0,42,1,0
梨,0,0,13,11,12,9,0,13,0,0,0,18,14,0
四,19,0,0,10,14,1,0,16,3,0,0,11,14,0
厚,1,0,0,23,0,20,0,1,0,0,16,27,0,0
都,19,7,7,2,4,5,0,26,7,0,1,5,5,0
向,28,2,13,0,0,1,0,37,6,0,0,1,0,0
宅,3,0,40,0,0,0,0,43,0,0,0,0,0,0
丈,0,0,0,29,0,14,0,0,0,0,0,42,1,0
顕,0,0,0,29,0,14,0,0,0,0,4,32,7,0
悦,0,1,0,39,0,3,0,0,1,0,0,41,1,0
末,35,0,7,1,0,0,0,42,0,0,0,1,0,0
入,37,0,5,0,0,0,0,39,3,0,0,0,0,0
櫻,41,0,0,0,0,1,0,41,0,0,1,0,0,0
桂,10,0,0,27,0,5,6,4,0,0,5,24,3,0
髙,37,0,4,1,0,0,1,40,0,0,0,1,0,0
暁,0,0,0,15,0,26,0,0,0,0,11,30,0,0
盛,6,1,9,21,0,4,2,13,1,0,0,23,2,0
壮,0,0,0,32,0,9,0,0,0,0,7,30,4,0
坪,25,0,16,0,0,0,0,41,0,0,0,0,0,0
溝,32,0,9,0,0,0,0,39,2,0,0,0,0,0
萩,39,0,2,0,0,0,1,39,1,0,0,0,0,0
京,9,0,1,28,0,3,0,10,0,0,1,27,3,0
研,0,0,0,34,0,7,0,0,0,0,7,30,4,0
蔵,6,0,4,0,0,30,1,7,2,0,1,29,0,0
勉,0,0,0,0,0,40,0,0,0,0,40,0,0,0
亨,0,0,0,3,0,37,0,0,0,0,36,4,0,0
曽,29,6,5,0,0,0,2,29,9,0,0,0,0,0
豪,0,0,0,13,0,27,0,0,0,0,22,18,0,0
玲,0,0,0,35,1,4,0,0,0,0,4,33,2,1
瀧,31,0,8,0,0,0,2,37,0,0,0,0,0,0
助,0,0,0,0,0,39,0,0,0,0,0,21,18,0
滋,0,0,0,16,0,23,0,0,0,0,22,17,0,0
百,13,5,0,14,7,0,0,12,4,2,0,6,15,0
丹,33,0,4,1,0,0,1,36,0,0,0,1,0,0
記,0,0,1,5,1,31,0,1,0,0,0,34,3,0
禎,0,0,0,30,0,8,0,0,0,0,5,32,1,0
齊,36,0,1,1,0,0,0,37,0,0,0,0,1,0
條,0,0,38,0,0,0,0,38,0,0,0,0,0,0
磨,0,1,9,2,0,25,0,9,1,0,1,25,1,0
兼,14,0,4,15,0,4,0,18,0,0,0,19,0,0
鎌,35,0,1,1,0,0,0,36,0,0,0,1,0,0
紘,0,0,0,27,0,10,0,0,0,0,1,34,2,0
住,16,0,21,0,0,0,1,34,2,0,0,0,0,0
潔,0,0,0,3,0,34,0,0,0,0,33,4,0,0
鹿,25,0,11,0,0,0,0,32,4,0,0,0,0,0
至,0,0,0,4,1,31,0,0,0,0,4,30,2,0
育,0,0,0,32,0,4,0,0,0,0,0,36,0,0
阪,24,0,12,0,0,0,0,36,0,0,0,0,0,0
征,1,0,0,28,0,7,0,1,0,0,0,34,1,0
草,27,0,5,3,0,1,0,32,0,0,0,3,1,0
峰,9,0,8,13,0,5,2,15,0,0,0,17,1,0
﨑,2,0,33,0,0,0,0,35,0,0,0,0,0,0
弓,11,0,1,5,0,18,0,12,0,0,0,21,2,0
桐,15,0,18,2,0,0,0,31,2,0,0,2,0,0
沙,0,0,0,22,4,9,0,0,0,0,0,23,12,0
延,4,0,1,16,0,13,0,5,0,0,0,29,0,0
瑞,2,0,0,28,0,4,0,2,0,0,2,30,0,0
猛,0,0,0,4,0,30,0,0,0,0,29,5,0,0
輪,0,0,32,0,0,1,0,32,0,0,0,1,0,0
窪,22,0,11,0,0,0,1,32,0,0,0,0,0,0
湯,32,0,1,0,0,0,0,32,1,0,0,0,0,0
郷,6,1,17,5,0,4,1,21,2,0,0,8,1,0
均,0,0,0,3,0,30,0,0,0,0,30,3,0,0
端,1,0,29,1,0,1,0,30,0,0,1,1,0,0
峯,19,0,12,0,0,1,4,27,0,0,0,1,0,0
建,3,0,0,18,0,11,0,3,0,0,11,15,3,0
船,28,0,3,0,0,0,0,30,1,0,0,0,0,0
渉,0,0,0,5,0,26,0,0,0,0,26,4,1,0
榎,31,0,0,0,0,0,2,29,0,0,0,0,0,0
甲,25,0,3,0,0,3,0,27,1,0,2,1,0,0
桜,24,0,0,3,2,2,0,24,0,0,1,4,2,0
臣,0,0,0,1,0,30,0,0,0,0,0,31,0,0
澄,1,0,5,13,0,12,0,6,0,0,3,22,0,0
肇,0,0,0,0,0,31,0,0,0,0,31,0,0,0
未,0,0,0,17,2,12,0,0,0,0,0,26,5,0
足,25,0,5,0,0,0,0,29,1,0,0,0,0,0
牛,29,0,0,0,0,1,0,28,1,0,0,1,0,0
忍,2,0,0,1,0,26,0,2,0,0,26,1,0,0
礼,0,0,0,24,0,5,0,0,0,0,3,24,2,0
展,0,0,0,14,0,15,0,0,0,0,1,28,0,0
亘,1,0,0,1,0,27,1,0,0,0,23,5,0,0
益,15,0,0,13,0,1,0,15,0,0,1,13,0,0
猪,29,0,0,0,0,0,0,28,1,0,0,0,0,0
畠,19,0,10,0,0,0,1,28,0,0,0,0,0,0
年,0,0,2,9,1,17,0,2,0,0,0,24,3,0
歩,0,0,1,4,0,24,0,0,1,0,17,11,0,0
巻,3,0,24,1,0,0,1,26,0,0,0,1,0,0
貫,5,0,21,2,0,0,0,25,1,0,0,2,0,0
倫,0,0,0,16,0,12,0,0,0,0,3,23,2,0
路,0,0,18,2,0,8,0,15,2,1,0,10,0,0
暢,0,0,0,17,0,11,0,0,0,0,5,23,0,0
頭,0,0,28,0,0,0,0,25,1,2,0,0,0,0
惠,0,0,0,19,1,8,0,0,0,0,3,18,7,0
定,6,0,3,14,0,5,0,9,0,0,2,16,1,0
教,0,0,0,12,0,15,0,0,0,0,0,27,0,0
季,0,0,0,9,4,14,0,0,0,0,0,22,5,0
常,8,0,0,17,0,2,0,8,0,0,0,19,0,0
貝,8,0,19,0,0,0,0,26,1,0,0,0,0,0
俣,1,0,26,0,0,0,0,27,0,0,0,0,0,0
透,0,0,0,1,0,26,0,0,0,0,24,3,0,0
景,2,0,1,19,0,5,0,3,0,0,1,22,1,0
鉄,3,0,0,23,0,1,0,2,1,0,1,23,0,0
砂,16,0,3,1,4,3,0,19,0,0,0,4,4,0
興,2,0,0,14,0,11,0,2,0,0,1,20,4,0
並,18,0,8,1,0,0,0,26,0,0,0,1,0,0
依,16,0,0,1,2,8,0,16,0,0,0,9,2,0
目,11,0,16,0,0,0,0,25,2,0,0,0,0,0
睦,0,0,0,20,0,6,0,0,0,0,5,21,0,0
宜,0,0,0,16,0,10,0,0,0,0,0,26,0,0
時,7,0,3,11,0,5,0,10,0,0,0,15,1,0
留,0,8,11,3,2,2,0,10,9,0,0,3,4,0
鍋,8,0,18,0,0,0,0,26,0,0,0,0,0,0
勲,0,0,0,0,0,26,0,0,0,0,24,2,0,0
七,7,0,0,14,1,3,0,7,0,0,1,16,1,0
隼,0,0,0,20,0,5,0,0,0,0,4,21,0,0
毛,15,1,9,0,0,0,1,22,2,0,0,0,0,0
狩,20,0,5,0,0,0,0,25,0,0,0,0,0,0
伯,1,0,23,1,0,0,0,24,0,0,0,1,0,0
形,1,0,24,0,0,0,0,25,0,0,0,0,0,0
落,23,0,2,0,0,0,0,25,0,0,0,0,0,0
要,0,0,0,10,0,15,0,0,0,0,15,8,2,0
紗,0,0,0,13,3,9,0,0,0,0,0,12,13,0
庸,0,0,0,22,0,3,0,0,0,0,2,23,0,0
緒,11,0,0,0,6,7,0,11,0,0,0,7,6,0
尋,0,0,1,4,0,19,0,1,0,0,1,22,0,0
来,2,0,9,0,1,12,0,11,0,0,1,11,1,0
納,6,0,17,0,0,1,1,22,0,0,0,1,0,0
庭,1,0,23,0,0,0,0,24,0,0,0,0,0,0
沖,21,0,3,0,0,0,3,21,0,0,0,0,0,0
諸,23,0,1,0,0,0,0,22,2,0,0,0,0,0
老,3,17,3,0,0,0,0,5,18,0,0,0,0,0
華,1,1,1,9,0,11,1,1,1,0,1,16,3,0
我,4,4,13,0,0,2,0,17,3,1,0,2,0,0
尻,0,0,23,0,0,0,0,23,0,0,0,0,0,0
精,0,0,0,23,0,0,0,0,0,0,0,21,2,0
ノ,1,22,0,0,0,0,0,0,21,2,0,0,0,0
莉,0,0,0,14,6,3,0,0,0,0,0,15,8,0
努,0,0,0,0,0,23,0,0,0,0,23,0,0,0
法,5,0,2,8,0,8,0,5,2,0,0,16,0,0
珠,1,0,1,20,0,0,0,2,0,0,0,17,3,0
航,0,0,0,14,0,8,0,0,0,0,8,13,1,0
威,0,0,0,10,0,12,0,0,0,0,5,14,3,0
節,1,0,1,18,0,2,0,2,0,0,2,18,0,0
添,5,0,17,0,0,0,0,22,0,0,0,0,0,0
玄,2,0,0,9,0,11,1,1,0,0,9,7,4,0
迫,7,0,15,0,0,0,2,20,0,0,0,0,0,0
斐,0,1,21,0,0,0,0,21,1,0,0,0,0,0
楠,18,0,1,2,0,1,1,18,0,0,1,2,0,0
堤,21,0,0,0,0,1,21,0,0,0,1,0,0,0
持,12,0,9,0,0,1,0,21,0,0,0,1,0,0
那,12,3,0,1,0,6,0,12,3,0,0,6,1,0
堂,8,1,12,0,0,1,1,14,6,0,0,1,0,0
幡,2,0,19,0,0,0,0,21,0,0,0,0,0,0
駒,15,0,6,0,0,0,0,21,0,0,0,0,0,0
外,17,0,0,0,0,4,0,15,2,0,0,4,0,0
所,5,0,16,0,0,0,4,17,0,0,0,0,0,0
咲,0,0,1,11,0,9,0,1,0,0,1,17,2,0
匠,0,2,3,4,0,11,0,3,2,0,11,4,0,0
妻,1,0,19,0,0,0,0,20,0,0,0,0,0,0
資,0,0,0,5,1,14,0,0,0,0,1,18,1,0
諭,0,0,0,7,0,13,0,0,0,0,13,7,0,0
譲,0,0,0,11,0,9,0,0,0,0,9,11,0,0
源,5,0,0,12,0,3,3,2,0,0,1,9,5,0
欣,0,0,0,17,0,3,0,0,0,0,0,19,1,0
染,19,0,0,0,0,0,0,19,0,0,0,0,0,0
芹,15,0,3,1,0,0,0,18,0,0,0,1,0,0
皆,19,0,0,0,0,0,0,19,0,0,0,0,0,0
唐,18,0,1,0,0,0,0,19,0,0,0,0,0,0
渋,19,0,0,0,0,0,0,19,0,0,0,0,0,0
臼,19,0,0,0,0,0,0,19,0,0,0,0,0,0
貢,0,0,0,8,0,11,0,0,0,0,10,8,1,0
堅,3,0,1,13,0,2,0,3,1,0,1,10,4,0
積,2,0,14,0,0,3,0,16,0,0,0,3,0,0
衛,2,0,0,0,2,15,0,2,0,0,8,6,1,2
飛,13,0,1,3,1,1,0,13,1,0,0,3,2,0
品,12,0,7,0,0,0,0,18,1,0,0,0,0,0
又,1,0,16,2,0,0,0,17,0,0,0,2,0,0
樫,11,0,8,0,0,0,0,19,0,0,0,0,0,0
張,15,0,3,0,0,1,8,8,2,0,0,1,0,0
柿,18,0,1,0,0,0,0,19,0,0,0,0,0,0
風,13,2,1,2,0,1,0,13,3,0,0,3,0,0
六,4,0,0,7,0,7,0,4,0,0,0,11,3,0
鵜,18,0,0,0,0,0,0,18,0,0,0,0,0,0
壽,0,0,2,13,0,3,0,1,1,0,0,16,0,0
築,9,0,8,0,0,1,0,16,1,0,1,0,0,0
兵,11,0,1,2,1,3,0,12,0,0,0,4,2,0
吹,4,1,13,0,0,0,0,17,1,0,0,0,0,0
逸,2,0,0,15,1,0,0,2,0,0,0,15,1,0
初,9,0,0,7,0,2,0,9,0,0,2,7,0,0
静,2,0,0,14,0,2,1,1,0,0,2,14,0,0
秦,18,0,0,0,0,0,17,1,0,0,0,0,0,0
苗,3,0,1,0,0,14,0,4,0,0,0,14,0,0
斗,0,1,0,2,3,12,0,0,1,0,0,12,5,0
芦,16,0,2,0,0,0,0,18,0,0,0,0,0,0
呂,1,4,8,0,2,2,1,8,4,0,0,0,4,0
素,1,0,0,16,0,0,0,1,0,0,0,16,0,0
桃,5,2,0,9,0,1,0,5,2,0,1,9,0,0
鬼,13,0,3,0,0,1,0,16,0,0,0,1,0,0
布,10,1,2,1,3,0,0,11,2,0,0,0,4,0
起,1,0,0,2,6,8,0,1,0,0,0,9,7,0
訓,0,0,0,11,0,6,0,0,0,0,1,16,0,0
喬,0,0,0,9,0,8,0,0,0,0,8,9,0,0
与,5,1,1,7,2,1,0,4,3,0,0,2,8,0
折,16,0,1,0,0,0,0,17,0,0,0,0,0,0
右,2,1,0,4,1,9,0,2,1,0,0,12,1,1
全,3,0,1,6,0,6,3,1,0,0,3,9,0,0
音,4,0,0,1,2,9,0,4,0,0,0,8,4,0
舘,6,0,10,0,0,0,3,13,0,0,0,0,0,0
準,0,0,0,11,0,5,0,0,0,0,5,9,2,0
種,9,0,5,1,0,1,0,13,1,0,0,2,0,0
頼,5,0,0,9,0,2,0,5,0,0,0,11,0,0
巌,1,0,0,0,0,15,0,1,0,0,15,0,0,0
勢,2,3,10,1,0,0,0,11,4,0,0,1,0,0
万,1,0,0,13,0,2,0,1,0,0,0,9,6,0
味,2,0,12,0,0,2,0,14,0,0,0,2,0,0
王,10,1,1,2,0,2,6,4,2,0,0,4,0,0
省,0,0,0,15,0,1,0,0,0,0,0,16,0,0
覚,0,0,1,2,0,13,0,1,0,0,13,2,0,0
嵜,0,0,16,0,0,0,0,16,0,0,0,0,0,0
橘,16,0,0,0,0,0,10,6,0,0,0,0,0,0
御,16,0,0,0,0,0,0,8,8,0,0,0,0,0
芝,11,0,5,0,0,0,3,13,0,0,0,0,0,0
粟,15,0,0,0,0,0,0,14,1,0,0,0,0,0
及,15,0,0,0,0,0,0,15,0,0,0,0,0,0
筒,15,0,0,0,0,0,0,15,0,0,0,0,0,0
帆,2,0,0,0,1,12,0,2,0,0,0,12,1,0
榊,15,0,0,0,0,0,2,13,0,0,0,0,0,0
涼,0,0,0,11,0,4,0,0,0,0,4,11,0,0
鷲,13,0,2,0,0,0,0,13,2,0,0,0,0,0
掛,6,0,9,0,0,0,0,14,1,0,0,0,0,0
房,2,0,5,5,0,3,1,6,0,0,0,8,0,0
伏,6,0,9,0,0,0,0,15,0,0,0,0,0,0
舞,3,0,0,8,0,4,0,3,0,0,4,6,2,0
映,0,0,0,11,2,2,0,0,0,0,2,11,2,0
怜,0,0,0,9,0,6,0,0,0,0,5,10,0,0
置,3,0,12,0,0,0,0,15,0,0,0,0,0,0
享,0,0,0,8,0,7,0,0,0,0,6,9,0,0
創,0,0,0,4,0,11,0,0,0,0,11,4,0,0
穣,0,0,0,1,0,14,0,0,0,0,14,1,0,0
半,15,0,0,0,0,0,0,15,0,0,0,0,0,0
舟,11,0,1,1,0,1,0,12,0,0,0,2,0,0
格,0,0,0,2,0,12,0,0,0,0,9,5,0,0
椎,14,0,0,0,0,0,0,14,0,0,0,0,0,0
円,4,1,0,6,0,3,0,2,3,0,3,5,1,0
淵,2,0,12,0,0,0,0,14,0,0,0,0,0,0
遼,0,0,0,6,0,8,0,0,0,0,8,5,1,0
糸,13,0,1,0,0,0,0,14,0,0,0,0,0,0
総,0,0,0,13,0,1,0,0,0,0,0,6,8,0
槻,2,0,12,0,0,0,0,14,0,0,0,0,0,0
藍,4,0,0,3,0,7,0,4,0,0,7,3,0,0
棚,13,1,0,0,0,0,0,13,1,0,0,0,0,0
容,0,0,0,9,0,5,0,0,0,0,2,12,0,0
主,1,0,5,8,0,0,0,6,0,0,0,8,0,0
雪,2,0,0,5,0,6,0,2,0,0,1,10,0,0
訪,0,3,10,0,0,0,0,10,3,0,0,0,0,0
諏,13,0,0,0,0,0,0,10,3,0,0,0,0,0
唯,0,0,0,7,1,5,0,0,0,0,3,9,1,0
茜,0,0,0,0,0,13,0,0,0,0,13,0,0,0
切,1,0,12,0,0,0,0,8,5,0,0,0,0,0
綱,5,0,2,2,0,4,1,6,0,0,0,6,0,0
伴,8,0,1,3,0,1,7,2,0,0,0,4,0,0
寧,0,0,0,4,0,9,0,0,0,0,8,5,0,0
淑,0,0,0,9,0,4,0,0,0,0,1,12,0,0
君,6,0,1,5,0,1,1,5,1,0,0,6,0,0
雨,12,0,0,1,0,0,0,12,0,0,0,1,0,0
爾,0,0,0,1,1,11,0,0,0,0,0,12,1,0
ヶ,0,13,0,0,0,0,0,0,13,0,0,0,0,0
殿,8,0,4,0,0,0,0,12,0,0,0,0,0,0
夢,0,0,0,4,1,7,0,0,0,0,0,10,2,0
箕,12,0,0,0,0,0,0,12,0,0,0,0,0,0
結,5,0,0,6,0,1,0,5,0,0,1,6,0,0
蒲,12,0,0,0,0,0,1,11,0,0,0,0,0,0
允,0,0,0,4,0,8,0,0,0,0,2,10,0,0
難,12,0,0,0,0,0,0,12,0,0,0,0,0,0
取,1,0,11,0,0,0,0,12,0,0,0,0,0,0
姫,8,0,0,0,1,3,0,8,0,0,0,3,1,0
岐,1,0,6,0,0,5,0,7,0,0,0,5,0,0
温,3,0,0,3,1,5,0,2,1,0,5,3,1,0
魚,12,0,0,0,0,0,0,12,0,0,0,0,0,0
荘,1,0,1,8,0,2,0,2,0,0,2,5,3,0
將,0,0,0,7,0,5,0,0,0,0,3,8,1,0
諒,0,0,0,3,0,9,0,0,0,0,9,3,0,0
愼,0,0,0,11,0,1,0,0,0,0,1,8,3,0
飼,1,0,11,0,0,0,0,12,0,0,0,0,0,0
仙,10,0,1,1,0,0,0,10,1,0,0,1,0,0
親,1,0,0,3,0,8,0,1,0,0,0,11,0,0
浪,6,0,6,0,0,0,0,12,0,0,0,0,0,0
可,4,0,0,5,2,1,0,4,0,0,0,3,5,0
聰,0,0,0,3,0,9,0,0,0,0,7,5,0,0
遥,0,0,0,6,0,6,0,0,0,0,4,8,0,0
廉,0,0,0,7,0,5,0,0,0,0,5,4,3,0
左,1,1,0,3,7,0,0,1,1,0,0,2,7,1
李,11,0,0,1,0,0,11,0,0,0,0,1,0,0
肥,7,0,5,0,0,0,0,11,1,0,0,0,0,0
彬,0,0,0,2,0,10,0,0,0,0,2,10,0,0
押,11,0,1,0,0,0,1,10,1,0,0,0,0,0
是,5,0,0,3,1,2,0,5,0,0,1,4,1,0
乾,7,0,0,3,0,1,7,0,0,0,1,2,1,0
郡,9,0,2,0,0,0,2,9,0,0,0,0,0,0
猿,11,0,0,0,0,0,0,11,0,0,0,0,0,0
犬,9,1,0,1,0,0,0,9,1,0,0,1,0,0
馨,0,0,0,2,0,9,0,0,0,0,7,2,2,0
彌,1,0,0,1,0,9,0,1,0,0,1,9,0,0
巧,0,0,0,0,0,11,0,0,0,0,10,1,0,0
釜,8,0,3,0,0,0,0,10,1,0,0,0,0,0
護,1,0,0,0,0,10,1,0,0,0,10,0,0,0
琴,0,0,0,8,0,3,0,0,0,0,0,11,0,0
紺,11,0,0,0,0,0,0,11,0,0,0,0,0,0
葛,11,0,0,0,0,0,0,11,0,0,0,0,0,0
瑠,0,0,0,8,0,3,0,0,0,0,0,11,0,0
爪,0,0,11,0,0,0,0,11,0,0,0,0,0,0
侑,0,0,0,11,0,0,0,0,0,0,0,11,0,0
計,1,0,1,2,0,6,0,2,0,0,2,6,0,0
孫,2,4,0,4,0,0,1,1,4,0,0,4,0,0
槙,4,0,0,5,0,1,0,4,0,0,1,4,1,0
ツ,0,8,0,0,2,0,0,0,8,0,0,0,2,0
朱,2,0,0,6,0,2,1,0,1,0,2,6,0,0
串,2,0,8,0,0,0,0,10,0,0,0,0,0,0
綿,5,0,5,0,0,0,0,10,0,0,0,0,0,0
科,0,0,9,0,1,0,0,9,0,0,0,0,1,0
才,5,0,1,3,1,0,0,6,0,0,0,3,1,0
薗,4,1,5,0,0,0,0,8,2,0,0,0,0,0
分,2,0,8,0,0,0,0,10,0,0,0,0,0,0
湖,1,0,4,2,0,3,0,5,0,0,1,2,2,0
鷹,6,0,2,2,0,0,0,8,0,0,0,2,0,0
強,1,0,0,5,0,4,0,1,0,0,4,5,0,0
虎,0,0,0,8,0,2,0,0,0,0,1,8,1,0
榮,4,0,0,4,0,2,2,2,0,0,0,6,0,0
乙,4,2,0,4,0,0,0,4,2,0,0,3,1,0
萬,4,0,1,4,0,1,1,4,0,0,1,3,1,0
統,0,0,0,2,0,8,0,0,0,0,4,6,0,0
淺,10,0,0,0,0,0,0,10,0,0,0,0,0,0
堺,10,0,0,0,0,0,6,4,0,0,0,0,0,0
礒,10,0,0,0,0,0,0,10,0,0,0,0,0,0
瑛,0,0,0,9,0,1,0,0,0,0,1,8,1,0
萌,0,0,0,6,0,4,0,0,0,0,4,5,1,0
潮,5,0,0,2,0,3,3,2,0,0,3,2,0,0
引,4,0,6,0,0,0,0,10,0,0,0,0,0,0
嶺,1,0,5,4,0,0,0,5,1,0,0,3,1,0
律,0,0,0,8,0,2,0,0,0,0,2,8,0,0
刀,2,3,4,0,0,1,0,6,3,0,0,0,1,0
尊,0,0,0,8,0,2,0,0,0,0,1,9,0,0
施,2,0,6,0,0,2,2,5,1,0,0,2,0,0
紳,0,0,0,7,0,3,0,0,0,0,3,4,3,0
